"x","y","cellNos","raw_2011_ascii","thppm","SAGA_wetness_index","MRRTF","Filled_DEM","drainage_2011","Altitude_Above_Channel_Network","survey","sampleNos"
"1",337859.8,6372415.5,0,26.51569,7.34308290481567,15.353818,0.050929,120.4077,4.87413,1.929291,1,12
"2",340884.8,6380690.5,0,27.84268,11.7027730941772,11.766503,0.029251,98.030998,3.871169,55.844597,1,3
"3",341834.8,6365965.5,0,26.591351,4.96294641494751,11.739967,1.216011,120.793999,4.64752,23.393959,1,9
"4",339859.8,6369065.5,0,26.01977,6.97532939910889,14.523517,0.152942,117.0327,4.479763,11.808784,1,27
"5",340984.8,6368240.5,0,25.744829,9.28562831878662,10.762621,0.151083,126.432297,4.996192,28.83242,1,16
"6",344059.8,6376715.5,0,25.380911,9.56887054443359,18.559875,2.281507,55.007999,4.544861,11.914528,1,16
"7",347034.8,6372740.5,0,25.660959,12.1936988830566,14.450712,0.392734,73.217499,3.79122,19.228752,1,30
"8",338234.8,6368765.5,0,27.43215,3.64287161827087,17.766211,0.01673,135.153198,3.995466,0,1,4
"9",341759.8,6366015.5,0,26.323219,4.91565561294556,11.564466,1.885454,124.822502,4.621401,26.847137,1,6
"10",337334.8,6371090.5,0,25.902451,6.07490491867065,12.7838,0.068526,164.938797,4.425344,32.25946,1,8
"11",348284.8,6377215.5,0,27.48311,10.6670913696289,11.199173,1.780275,99.963997,4.185141,54.404781,1,2
"12",341759.8,6365340.5,0,26.014709,4.68421936035156,16.269865,2.978531,123.114799,4.426721,23.728088,1,4
"13",343284.8,6369715.5,0,26.22291,8.41905403137207,17.837074,0.966727,76.332497,3.287856,7.207497,1,13
"14",343634.8,6377115.5,0,25.650789,9.11782360076904,19.247757,1.433081,51.321499,3.995516,9.136318,1,17
"15",341384.8,6375915.5,0,25.502689,11.4954833984375,11.522408,1.085516,86.654068,3.485705,29.417019,1,14
"16",350959.8,6374590.5,0,25.832081,7.24331855773926,12.265871,1.430221,81.017967,2.012911,28.670902,1,2
"17",347909.8,6375165.5,0,25.6856,10.9291658401489,15.573525,0.801871,68.871872,2.81619,19.473831,1,13
"18",346934.8,6370115.5,0,27.013651,8.60092639923096,16.60224,1.162219,65.559502,4.052609,9.702267,1,20
"19",337459.8,6372390.5,0,27.590059,7.1597957611084,15.196711,0.047614,122.5513,3.493814,0.981697,1,3
"20",339259.8,6368940.5,0,25.595301,6.4118275642395,15.72077,0.509374,124.671501,4.900421,8.539948,1,15
"21",336959.8,6381315.5,0,25.500811,9.6933765411377,12.10446,0.078537,90.779312,4.316074,26.473129,1,34
"22",349359.8,6374915.5,0,25.507641,13.2037162780762,13.667047,2.417988,77.871819,3.267757,26.655525,1,8
"23",340859.8,6368090.5,0,25.513611,8.72356510162354,10.386094,0.039218,132.479797,3.45615,32.431305,1,2
"24",338309.8,6371840.5,0,26.55514,6.57912731170654,13.826244,0.157428,128.412003,4.419535,7.493294,1,12
"25",346584.8,6370215.5,0,27.347469,8.29838562011719,17.569601,0.175576,60.479252,4.422585,5.396748,1,23
"26",338159.8,6374115.5,0,25.746401,7.32840299606323,14.901388,1.579068,96.857552,3.461159,9.751335,1,8
"27",343259.8,6377265.5,0,25.35379,10.0707654953003,18.062794,1.525944,55.679001,4.735998,13.309547,1,13
"28",341059.8,6368390.5,0,26.501499,9.63875770568848,12.182307,0.135436,118.886497,4.994684,23.046959,1,11
"29",336309.8,6382340.5,0,25.579229,9.92996788024902,16.114956,1.691626,70.413307,4.9229,9.001827,1,26
"30",337534.8,6374215.5,0,25.878639,7.07455730438232,14.785414,2.958914,101.737297,4.96734,14.427605,1,8
"31",343509.8,6376865.5,0,26.62417,9.94112396240234,17.453966,0.209126,58.766251,4.879388,15.089264,1,11
"32",339659.8,6365515.5,0,25.63526,5.44243812561035,13.460038,0.013087,170.881302,3.993813,55.778404,1,4
"33",340084.8,6365190.5,0,25.696739,5.00448226928711,13.801155,0.225478,149.016006,3.993749,37.471733,1,5
"34",342484.8,6366240.5,0,26.866989,5.74572563171387,15.662535,1.577736,100.739304,4.902209,9.880959,1,15
"35",337784.8,6382190.5,0,25.72781,14.1130781173706,13.633404,0.019604,89.804749,4.481064,32.784695,1,21
"36",348409.8,6371065.5,0,27.24548,10.8796577453613,15.997264,0.370054,71.911499,2.150578,11.866096,1,6
"37",341534.8,6373090.5,0,25.052389,10.752724647522,14.760836,0.111095,88.680252,4.988763,10.689301,1,33
"38",342109.8,6379165.5,0,26.90868,8.63371753692627,16.719219,1.63313,53.3265,4.840251,15.397141,1,7
"39",342234.8,6366890.5,0,26.322451,6.41166830062866,9.926524,1.547449,132.515305,3.033213,41.327339,1,1
"40",341409.8,6366490.5,0,25.292101,4.97157192230225,9.79607,0.299405,155.066299,4.720909,54.641655,1,4
"41",341434.8,6372465.5,0,25.582399,9.35197925567627,13.678526,0.317888,85.464249,4.999855,5.115761,1,37
"42",338184.8,6374040.5,0,26.092739,7.20034980773926,14.995886,1.903494,100.236397,3.512633,12.23748,1,7
"43",341559.8,6373190.5,0,25.22098,10.9183492660522,14.109136,0.657295,94.2845,4.997348,16.732849,1,35
"44",342484.8,6372040.5,0,25.433189,8.77032279968262,14.987799,0.460614,81.62825,4.999967,10.723244,1,40
"45",338734.8,6372215.5,0,26.34412,5.96554946899414,14.627283,0.51221,125.855003,4.813612,13.235519,1,19
"46",339259.8,6377290.5,0,25.777069,7.79388427734375,18.554193,1.585607,59.723,4.742731,4.145176,1,13
"47",339559.8,6374740.5,0,26.54151,7.98989152908325,17.732773,0.045931,76.659531,4.395836,2.637993,1,35
"48",341159.8,6375515.5,0,25.83802,10.747784614563,17.083998,0.2965,70.580437,3.879329,9.211998,1,33
"49",343184.8,6368815.5,0,26.32777,9.19075870513916,11.398293,0.087224,95.209503,4.804292,20.784508,1,22
"50",337409.8,6374340.5,0,26.14012,6.98597240447998,15.82533,0.098339,93.455917,4.81103,7.333282,1,37
"51",344684.8,6376565.5,0,25.95648,8.59932041168213,19.65991,3.644803,51.158501,3.855335,8.584946,1,14
"52",339834.8,6378765.5,0,28.47682,11.5766153335571,19.329353,0.065598,51.083248,3.554731,0.338291,1,5
"53",345784.8,6372990.5,0,28.16152,7.09756422042847,21.23267,0.011593,48.20425,3.033814,0.005241,1,8
"54",340359.8,6380415.5,0,25.952579,11.1578884124756,14.705714,0.085995,72.613747,4.434846,27.2579,1,27
"55",337509.8,6377215.5,0,26.356171,10.6625089645386,18.42668,0.399846,67.309937,3.853376,2.362343,1,24
"56",346359.8,6379615.5,0,28.85445,12.9964694976807,10.333543,0.206648,87.377502,2.079277,46.66066,1,1
"57",346409.8,6373990.5,0,25.63718,7.95758485794067,17.964361,3.934509,61.645691,2.251222,12.297424,1,8
"58",345734.8,6377215.5,0,27.06082,9.65819263458252,20.102518,0.06197,45.949501,3.024044,5.008537,1,15
"59",346534.8,6371265.5,0,26.45825,8.99404907226562,9.453592,0.665152,97.301498,4.238809,43.240879,1,5
"60",338609.8,6377715.5,0,26.408859,8.75271511077881,18.938128,0.136757,59.498501,3.693327,1.428978,1,30
"61",339484.8,6368740.5,0,26.020981,7.06192493438721,12.002664,2.979382,140.719299,4.921357,27.2855,1,3
"62",346684.8,6373615.5,0,25.501129,9.68795394897461,15.88235,1.111912,65.690247,3.479715,14.858936,1,14
"63",347234.8,6372790.5,0,25.609671,12.2561016082764,16.437283,0.428132,65.223251,3.693552,10.458889,1,29
"64",346034.8,6374090.5,0,25.55632,7.53031921386719,18.496578,3.916828,60.92841,3.380412,12.502491,1,13
"65",337709.8,6379515.5,0,25.297701,10.143985748291,12.619283,0.639819,83.528252,4.77894,20.007458,1,36
"66",344859.8,6378590.5,0,27.900499,11.3501644134521,17.71616,0.050982,58.582249,4.253938,20.244522,1,4
"67",338984.8,6370915.5,0,25.76951,4.24297904968262,9.703948,0.027026,169.528702,4.993825,53.386505,1,5
"69",338534.8,6369090.5,0,25.262819,5.00549554824829,14.69676,0.51289,139.144302,4.295741,12.215889,1,16
"70",343959.8,6377790.5,0,26.47389,8.48324489593506,22.354059,0.048467,39.746803,3.038813,1.284256,1,8
"72",341709.8,6374965.5,0,25.748831,9.96726036071777,12.615748,0.189099,85.327148,4.985237,21.054657,1,38
"73",346609.8,6376140.5,0,25.921169,12.1228942871094,13.32162,0.373374,73.97879,4.89134,29.367638,1,27
"74",345684.8,6377115.5,0,25.70602,9.47806167602539,19.007225,1.837163,48.48225,4.92807,7.595318,1,13
"75",344784.8,6378415.5,0,27.38139,11.051721572876,18.289154,0.249476,55.116249,2.813409,16.659851,1,7
"76",343784.8,6374765.5,0,26.24412,13.0909576416016,10.918236,2.977514,91.670128,4.74497,39.743076,1,4
"77",343584.8,6374640.5,0,25.767719,13.1974020004272,10.285291,0.040066,91.980614,4.972553,38.412357,1,21
"78",339584.8,6365090.5,0,25.700951,6.29172277450562,9.930954,0.106253,208.8078,3.307695,94.757637,1,2
"79",342159.8,6369690.5,0,27.71233,7.06632280349731,18.304607,1.371589,79.903,3.882422,2.926712,1,4
"80",349134.8,6374915.5,0,25.49383,12.5031843185425,14.636353,1.780975,72.139458,3.464377,21.017059,1,15
"81",345134.8,6374615.5,0,25.728359,10.4924192428589,20.449184,1.564968,49.060581,4.16035,2.565636,1,19
"82",345584.8,6373590.5,0,27.225691,7.435227394104,20.834959,0.339535,48.688251,3.905937,0.488232,1,12
"83",335159.8,6377865.5,0,25.747471,12.8739395141602,14.189883,4.947961,109.496498,4.720397,38.031898,1,4
"84",335859.8,6377465.5,0,26.18626,14.7504253387451,13.394357,0.675756,98.92804,4.837144,27.816277,1,14
"85",339234.8,6374215.5,0,27.10268,6.98451852798462,16.005699,1.668325,87.691704,4.487828,6.196129,1,13
"86",336234.8,6376390.5,0,26.153799,10.3504629135132,17.535906,1.387859,75.007431,4.13292,3.305939,1,22
"87",337659.8,6368940.5,0,26.165739,3.16597723960876,14.492455,0.001667,156.231796,4.004503,13.829086,1,8
"88",337484.8,6382815.5,0,25.80612,14.9358987808228,15.335517,0.145378,72.420013,4.005538,15.628387,1,15
"89",345059.8,6373865.5,0,26.57546,10.2782516479492,20.492777,1.554518,50.006378,3.953264,0.716908,1,22
"90",337059.8,6377040.5,0,26.284981,11.1241102218628,18.088451,0.027983,69.3927,3.90094,1.930305,1,17
"91",336934.8,6376865.5,0,25.71085,11.0660390853882,15.759183,2.674545,77.540733,4.873464,9.45755,1,12
"92",337434.8,6382140.5,0,25.69768,13.4058465957642,12.46158,0.292455,90.492203,4.686079,31.873543,1,28
"93",338284.8,6369315.5,0,25.51313,4.32595920562744,12.880193,0.053457,145.966797,3.959468,17.055191,1,13
"94",336709.8,6377590.5,0,25.696871,12.5235919952393,14.534441,0.28189,83.989128,4.999773,14.297913,1,32
"95",344234.8,6377590.5,0,27.52812,8.53158760070801,21.603779,0.59006,40.670502,2.869336,1.742767,1,11
"96",336134.8,6376915.5,0,25.64156,12.7452659606934,14.84402,0.031473,83.958641,4.592897,12.881363,1,29
"97",341334.8,6366715.5,0,25.48699,5.27984857559204,11.826299,0.005198,142.132507,4.992058,41.39817,1,4
"98",338009.8,6368765.5,0,25.234289,2.93759655952454,13.669461,0.000174,147.497498,3.974109,7.767258,1,9
"99",338109.8,6377765.5,0,25.91181,10.2251949310303,15.005251,2.98022,81.792,3.000968,20.283031,1,10
"100",338859.8,6377690.5,0,27.29126,8.02668190002441,19.967163,0.054911,57.789001,3.79668,1.204151,1,20
"101",348990.664,6372944.51,0,25.680361,9.49265575408936,13.698281,2.371924,77.24025,2.233933,20.240398,1,6
"102",338959.884,6378286.44,0,25.784901,8.58761978149414,17.980026,2.820837,60.089001,3.431065,3.904957,1,16
"103",348590.781,6378889.31,0,25.638149,9.15339374542236,11.864748,0.237156,109.673798,2.873184,65.425865,1,2
"104",347985.863,6371993.14,0,25.687099,8.7193775177002,14.516162,0.543541,73.892502,4.537271,13.558826,1,36
"105",344132.997,6378284.7,0,29.25075,10.2455263137817,20.200811,0.136299,46.807499,4.669562,8.903973,1,2
"106",339030.923,6373388.87,0,26.146799,6.71744775772095,14.495597,0.411166,97.693001,4.983523,4.511284,1,35
"107",339928.142,6375391.94,0,27.27836,9.42377281188965,17.103273,0.051057,69.66877,3.809785,3.569771,1,15
"108",349330.334,6374884.88,0,25.52759,13.1194944381714,13.82602,2.046811,76.600388,3.563093,25.333214,1,10
"109",337922.534,6374182.65,0,27.755951,7.50895977020264,17.94392,0.039,87.470337,4.389944,0,1,5
"110",343505.97,6382383.77,0,28.77808,8.61828136444092,19.709032,0.527207,34.388,2.079092,5.703844,1,6
"111",345282.568,6376886.46,0,26.01272,8.41841983795166,19.954176,2.565152,47.281502,3.243835,6.361557,1,18
"112",335365.931,6377181.64,0,25.73884,12.1022100448608,12.586173,0.178712,108.623299,4.751932,36.73558,1,14
"113",344510.827,6378582.29,0,26.284821,11.6479454040527,11.685159,0.265935,77.920998,4.511622,40.104813,1,18
"114",347851.932,6373089.01,0,25.63549,10.5279912948608,16.270218,2.575184,66.280746,2.592877,9.750851,1,13
"115",341329.106,6367390.45,0,25.99645,6.99895143508911,15.81722,0.161888,112.700996,4.799634,14.327667,1,14
"116",339027.844,6379183.65,0,25.52758,11.2241916656494,15.292314,0.767608,68.058502,4.126378,13.061256,1,43
"118",339564.908,6379194.56,0,25.49811,12.2291240692139,17.477587,2.788094,59.158249,4.462852,7.519226,1,13
"119",341206.91,6365377.76,0,25.518721,4.73700714111328,14.014767,0.405031,130.140305,3.762504,26.455536,1,4
"120",343966.3,6368391.71,0,27.065319,7.25521993637085,15.86344,0.310148,78.474243,4.83054,4.827118,1,25
"121",340205.272,6379894.71,0,25.749689,11.7615585327148,14.845369,1.942363,70.608749,4.495874,23.820061,1,17
"122",335527.802,6378784.72,0,26.468929,14.0050573348999,13.076649,0.231862,103.2155,4.716154,31.927933,1,15
"123",343977.801,6376587.67,0,25.54944,10.1138410568237,17.903742,2.246244,57.663689,4.163996,13.874775,1,23
"124",343225.631,6373591.4,0,26.248051,10.4232234954834,16.845505,0.69507,68.168251,4.971626,8.719296,1,30
"125",341071.03,6370691.3,0,25.590441,6.09822511672974,15.903522,0.032069,92.708748,3.990471,1.653122,1,20
"126",340857.951,6370484.92,0,25.380501,6.25763463973999,16.399084,2.76061,102.352501,4.134985,7.955116,1,9
"127",349158.662,6376992.7,0,27.50404,12.119797706604,10.66452,0.193501,99.96125,2.230886,53.064743,1,4
"128",340207.894,6378682.56,0,25.99535,11.6884355545044,19.065496,1.673869,49.553001,3.792348,0.664886,1,22
"129",347570.935,6373692.43,0,25.771799,11.3832187652588,17.821688,2.493259,59.34132,2.374856,5.815491,1,8
"130",350063.354,6373137.12,0,26.08989,11.2787523269653,14.045181,0.385196,75.9245,2.018638,20.619545,1,7
"132",339460.113,6378891.21,0,27.007071,11.2593364715576,18.547222,1.282745,55.47625,3.983841,2.706341,1,16
"133",337685.133,6374888.57,0,25.51882,8.05060482025146,15.542171,2.799728,90.938164,3.562813,10.786964,1,8
"134",349034.103,6374891.47,0,25.476089,12.27135181427,15.366772,1.67443,70.156319,3.364105,19.015141,1,16
"135",345880.647,6374288.46,0,25.7255,7.86121940612793,18.810217,3.581247,57.46336,3.864559,9.590645,1,12
"136",337758.752,6380880.94,0,25.705441,10.5862560272217,9.873657,0.201774,121.055496,4.616301,60.518532,1,4
"137",337728.738,6379790.25,0,25.89292,10.229419708252,12.081548,0.632355,87.2985,4.944819,24.303741,1,33
"138",341533.173,6377297.54,0,26.57683,14.616623878479,14.627558,1.335515,62.13475,4.605558,14.472862,1,5
"139",343260.346,6367492.21,0,26.302589,8.17188453674316,13.366714,0.378585,93.175247,4.014119,11.823181,1,20
"140",348780.14,6371575,0,27.29471,9.64447784423828,15.864941,0.319932,70.265503,4.275644,8.762547,1,16
"141",342125.694,6374288.17,0,27.46034,11.0719661712646,19.336941,4.486502,70.712959,4.730929,0.4207,1,1
"142",341408.228,6376786.49,0,25.595119,13.5978908538818,14.612105,0.585435,70.275749,4.136354,19.099495,1,30
"143",339131.963,6368092.5,0,25.369539,7.06869602203369,9.709279,0.002731,152.548492,4.892902,29.534332,1,12
"144",344138.666,6382287.24,0,27.81616,7.61040496826172,18.226412,0.003213,38.342499,2.155196,9.288923,1,3
"145",342198.304,6381278.47,0,27.743481,11.960090637207,13.706191,0.204045,56.34,2.394659,21.548546,1,4
"146",337530.106,6377087.54,0,26.84989,10.5451784133911,18.852741,0.212184,65.892807,3.909055,1.346649,1,16
"147",337082.681,6375791.46,0,26.54006,8.80414485931396,16.973028,1.372899,74.212273,3.153639,2.690163,1,5
"149",349732.882,6371080.47,0,27.30698,11.4335374832153,13.546617,4.965595,90.975754,2.15346,30.717628,1,3
"150",346381.329,6378084.62,0,25.739731,8.9404468536377,13.148213,0.454701,71.56675,4.08993,29.979191,1,7
"151",338631.595,6371383.84,0,26.39336,5.24303913116455,17.187405,0.039031,123.874298,4.803683,3.164169,1,7
"152",338905.159,6372882.2,0,26.837601,6.65961980819702,13.059082,0.233012,110.688202,4.95176,9.656578,1,24
"153",344525.273,6379875.64,0,27.4007,10.8004732131958,15.125813,2.092449,61.063999,4.384228,25.651112,1,5
"154",340875.798,6370890.01,0,25.78993,6.80406618118286,17.045452,0.008173,96.599365,3.609069,0,1,13
"155",334579.224,6375787.75,0,26.159149,8.13274192810059,12.56841,0.945297,102.899902,4.209114,28.196815,1,13
"156",337812.531,6373288.05,0,26.067329,6.92242193222046,14.274015,0.037039,105.201797,4.71802,3.946762,1,27
"157",344156.529,6370586.17,0,27.057409,9.00419330596924,20.070375,1.426792,62.665501,4.509564,1.565163,1,12
"158",339810.743,6379590.02,0,27.24094,12.7693967819214,18.106512,0.012834,56.423,3.612817,6.885147,1,10
"159",348226.616,6376279.82,0,27.825331,9.63674449920654,15.442399,0.045364,69.371834,4.764544,22.247974,1,10
"160",338776.716,6371389.53,0,25.47229,4.83118867874146,14.488062,0.508681,130.861496,3.999921,12.219795,1,16
"161",347855.914,6376983.9,0,26.584511,9.75271129608154,13.856861,2.951343,85.51725,3.583266,40.165615,1,2
"162",340509.238,6377782.43,0,26.14496,10.8063669204712,19.73185,0.038394,50.848499,2.78352,0.558628,1,17
"163",343079.178,6367991.74,0,26.57712,9.21997261047363,11.720504,0.205403,98.013252,4.029198,18.005623,1,11
"164",341711.693,6376683.76,0,25.690359,13.9948997497559,9.802047,0.383624,87.098747,3.042675,36.46537,1,3
"165",344910.364,6371080.44,0,25.959299,9.22237205505371,19.970371,2.772907,58.945,4.128103,2.972748,1,20
"166",343626.967,6374286.45,0,25.94668,12.6091613769531,10.518327,1.804455,103.0737,4.94579,48.560841,1,5
"167",342724.937,6367182.05,0,26.588421,7.6755576133728,10.139989,0.591426,114.955002,4.002746,28.968719,1,7
"168",346229.318,6377186.19,0,26.15015,9.73928260803223,18.516323,0.162027,52.088249,3.191542,10.06889,1,21
"169",343658.662,6373583.82,0,25.78426,10.8238563537598,16.612871,1.147928,65.962997,4.939503,9.857712,1,32
"170",344904.493,6377387.38,0,28.241159,8.7100715637207,21.0875,1.33778,42.371498,3.543147,2.529701,1,4
"171",344028.431,6368490.29,0,26.83769,7.12638902664185,13.96799,0.557846,84.797501,4.995245,11.990425,1,24
"172",337632.208,6371883.23,0,25.732189,7.05216455459595,12.877643,1.178676,148.680801,4.922732,18.927963,1,14
"173",343775.905,6365918.87,0,26.054251,5.11597681045532,18.080618,0.229821,79.2005,4.578151,0.03791,1,10
"174",339578.475,6367586.25,0,25.395981,7.16412210464478,15.4157,0.827185,133.889297,4.58063,7.826477,1,9
"175",336499.044,6377195.93,0,25.79258,12.8387813568115,11.733122,0.702463,94.247276,4.840956,24.361649,1,21
"176",350307.542,6375581.71,0,25.777679,12.4347114562988,11.002372,0.41556,92.609161,2.477189,42.524025,1,8
"177",343735.843,6366972.94,0,26.27153,6.76429796218872,14.196129,3.943041,100.804497,4.000577,20.746262,1,3
"178",343882.778,6373989.93,0,25.6292,11.9368381500244,11.62318,0.037766,85.233368,4.579735,31.462849,1,26
"179",336596.403,6379084.06,0,25.60976,10.9896335601807,16.934595,3.271945,90.759506,4.518093,20.838417,1,4
"181",344171.71,6377669.79,0,28.16403,8.53212833404541,20.921293,0.027435,39.388248,2.464954,0.826824,1,8
"182",338838.671,6380788.71,0,26.52158,14.7377405166626,11.56963,0.033647,99.498253,4.150781,45.611473,1,9
"183",348989.681,6377133.19,0,26.577209,12.127760887146,12.167938,0.25941,95.141998,2.830698,48.686699,1,3
"184",338308.545,6378790.46,0,26.156469,10.4311332702637,18.51387,1.502535,61.899502,3.994951,0.90609,1,26
"185",337880.855,6371288.4,0,27.591631,6.91462182998657,14.982693,0.10285,141.575195,4.104955,13.66851,1,6
"186",342432.231,6377586.89,0,25.721479,13.8558921813965,16.497627,0.13431,61.194752,4.765589,18.392883,1,20
"187",340628.17,6369687.14,0,26.041019,6.86627912521362,18.794922,2.155881,97.592751,4.618402,2.044685,1,5
"188",346551.496,6370301.95,0,27.044769,8.18246459960938,17.243683,0.315156,62.853249,4.67923,7.900562,1,25
"189",343046.056,6377242.83,0,25.527121,10.9709510803223,18.260746,0.323777,56.131001,2.851253,13.062885,1,8
"190",344211.668,6369582.25,0,27.00749,8.72603988647461,18.862823,1.496985,65.511497,4.340673,1.154488,1,18
"191",337281.215,6378890.13,0,25.63166,10.3580884933472,15.161127,0.1285,74.601486,4.620339,7.696877,1,51
"192",345231.421,6379386.49,0,27.61417,11.7686758041382,15.281864,0.388257,61.630001,4.074774,23.527782,1,6
"193",338068.892,6369987.21,0,25.553129,5.22108459472656,9.69949,0.045831,188.882507,3.000915,61.106392,1,3
"194",347411.5,6371206.89,0,26.66226,9.0914478302002,12.600733,3.671952,90.704002,2.285753,33.47768,1,2
"195",341877.627,6365590.36,0,26.42874,4.81923341751099,14.044784,0.150446,117.610703,4.809788,19.814468,1,13
"196",342083.353,6371887.52,0,26.22077,8.20212078094482,17.221647,0.255802,77.832748,4.256018,2.87619,1,44
"197",340530.77,6380587.55,0,25.96261,11.1871061325073,12.801029,0.070292,78.814751,4.240101,34.61092,1,24
"198",335556.284,6378480.2,0,26.114229,14.3812961578369,13.752789,4.943563,110.4487,3.788135,39.259117,1,4
"199",340559.078,6365489.33,0,25.3936,4.8589506149292,17.098291,0.097441,132.360992,3.998882,23.574448,1,3
"200",349332.551,6373690.52,0,28.054359,11.4247598648071,18.325712,0.079749,60.27029,2.035601,5.867039,1,3
"201",335214.053,6378990.25,0,25.943119,13.9276008605957,15.547315,0.563995,92.793251,4.775111,21.336998,1,11
"202",337708.289,6375191.73,0,26.68819,8.46170330047607,16.595001,1.567497,79.998413,4.807648,2.736679,1,18
"203",342504.482,6368089.08,0,26.155849,9.8548583984375,11.850569,0.318872,110.451202,4.961238,27.001617,1,16
"204",346508.193,6376488.5,0,26.202709,11.7345924377441,11.608792,0.270585,80.570374,4.557662,36.954651,1,19
"205",337179.597,6372287.27,0,26.07114,6.63477373123169,11.25032,0.296318,147.101501,4.779779,23.525345,1,17
"206",346132.632,6370492.86,0,27.025459,8.36817836761475,18.498173,1.481797,58.353748,4.140765,4.829628,1,16
"207",345511.84,6377392.41,0,26.99262,9.61870098114014,20.441343,0.854835,45.737251,3.266462,5.311775,1,17
"208",342909.907,6369688.11,0,27.101351,8.27477169036865,20.115736,0.194583,69.629997,3.300574,0.217278,1,13
"209",345423.309,6372788.59,0,25.80438,7.79548311233521,21.072027,2.976928,52.320251,2.55057,3.06118,1,9
"210",345325.772,6369974.57,0,26.109591,9.44341468811035,17.708675,0.176745,60.467751,3.457932,4.330914,1,29
"211",339681.316,6377385.36,0,25.912251,7.91573858261108,18.752716,0.291651,57.856251,2.753326,3.975548,1,13
"212",345133.619,6375679.74,0,26.92452,9.05124950408936,20.465225,1.976709,49.907059,2.448433,5.36113,1,6
"213",345475.057,6379696.38,0,27.52305,11.7668170928955,14.371118,0.50652,66.302254,2.327674,27.796452,1,5
"214",346823.158,6370179.73,0,27.014099,8.39333534240723,16.36548,0.232402,65.797501,4.088972,10.171303,1,23
"215",346907.57,6371990.96,0,25.546659,10.8780345916748,13.917191,0.865407,80.00425,3.113345,25.255562,1,13
"217",346505.098,6374084.1,0,25.863939,7.91194295883179,17.92021,3.392128,59.933151,2.11282,10.568295,1,7
"218",342533.697,6366489.18,0,27.027031,6.09374284744263,13.003037,0.425438,109.156799,4.905925,19.387825,1,15
"219",344730.73,6376390.98,0,25.5982,8.7747745513916,19.444784,3.691911,52.935249,3.695621,9.85149,1,15
"220",338954.734,6379992.08,0,25.53903,14.4390211105347,14.961655,3.578403,81.970497,4.112417,27.681385,1,6
"221",348230.888,6371593.22,0,26.742201,8.66214370727539,15.105861,1.566337,73.753754,4.132652,12.034161,1,17
"222",338328.183,6382482.82,0,26.018459,15.4390859603882,11.998438,0.027229,98.4785,3.944362,44.256081,1,11
"223",348533.734,6374396.99,0,26.759041,12.1287221908569,18.485321,0.602121,57.991539,2.316241,5.57317,1,5
"224",340932.178,6371696.09,0,25.6075,7.97046709060669,14.003221,0.297588,96.400497,4.996894,7.61924,1,43
"225",343420.835,6367884.03,0,27.438801,8.47214698791504,16.951649,0.059539,79.178253,4.689807,0.620354,1,13
"226",349341.884,6376592.92,0,27.39716,12.0151557922363,15.208402,0.01699,88.295029,2.890255,40.575508,1,3
"227",345383.828,6374178.69,0,26.34963,9.19153881072998,20.587532,1.873261,50.136238,3.998003,2.433601,1,21
"228",349507.891,6372386.78,0,26.237869,10.4267530441284,12.401862,0.973136,80.94725,2.037452,22.98785,1,4
"229",343907.219,6368693.55,0,26.709221,7.63991069793701,16.495001,0.299434,73.269997,4.86547,2.306511,1,36
"231",337308.003,6372684.21,0,25.972771,7.13623762130737,12.891002,2.399628,127.603203,4.891659,13.758682,1,4
"232",339510.363,6380888.31,0,25.70713,13.4088487625122,13.930267,0.332624,79.741737,4.790309,29.989735,1,27
"233",338357.496,6369293.2,0,25.63143,4.52876949310303,12.27686,0.091465,147.832993,4.957582,19.824432,1,17
"234",347323.961,6378783.42,0,28.55863,12.0800704956055,9.311306,0.012906,158.998993,3.749646,116.170898,1,2
"235",344426.142,6376687.86,0,25.800751,9.01668834686279,19.272936,1.575253,50.282501,4.116211,7.765587,1,16
"236",337686.482,6379793.99,0,25.632429,10.0332059860229,12.175562,1.866159,90.132248,4.30522,26.76717,1,13
"237",346314.147,6378488.37,0,27.18515,9.58237552642822,12.222513,0.170131,85.507751,4.385832,44.347191,1,4
"238",338285.897,6369089.07,0,25.61578,4.12306833267212,10.845536,0.274785,160.151993,4.854707,29.363129,1,11
"239",343990.48,6371791.3,0,26.67663,8.68247413635254,19.389034,0.009799,60.068501,4.473832,0,1,25
"240",343509.679,6369787.45,0,26.123329,8.35461616516113,17.607996,0.129163,77.28775,2.116698,9.194298,1,5
"241",343190.219,6367071.88,0,25.92148,7.43418645858765,13.675426,0.513443,97.463997,3.988427,14.27182,1,23
"242",337761.459,6382784.13,0,25.85832,15.4376735687256,14.31332,0.192575,79.638,4.85556,23.607464,1,18
"243",342717.435,6380059.01,0,25.318951,7.25335788726807,17.194841,0.187142,49.662498,4.775165,16.350967,1,2
"244",348681.27,6378488.12,0,26.22386,9.93373680114746,10.9492,0.023515,124.630501,2.46325,80.142128,1,2
"245",350224.887,6372616.12,0,26.359381,10.9360570907593,12.456772,3.770883,84.255997,2.000064,27.905128,1,5
"246",340581.473,6381986.86,0,26.1703,11.6615915298462,16.94322,0.012378,62.62125,4.006531,19.543667,1,18
"247",349758.813,6373386.47,0,26.3272,11.5028343200684,15.774607,2.93434,72.052254,2.090521,17.150864,1,7
"248",345164.349,6375692.41,0,27.647751,9.0006046295166,20.472311,2.238511,49.90844,2.391908,5.398617,1,2
"249",347959.261,6371895.14,0,25.92465,8.79518699645996,15.163477,0.320896,71.057251,4.148969,10.81657,1,39
"250",339432.103,6381088.89,0,25.90748,13.3113813400269,11.797844,1.296334,91.360748,4.129229,41.390568,1,13
"251",341735.396,6380196.46,0,26.425249,11.0272979736328,10.253471,2.945564,89.843498,2.985429,51.692207,1,2
"252",339255.643,6368781.02,0,25.59988,6.64734792709351,12.956705,0.689234,139.067703,3.99442,22.247292,1,17
"253",344230.89,6369491.61,0,26.46258,8.60924434661865,17.960665,1.938701,68.507751,4.434206,3.478401,1,18
"254",340507.697,6365772.42,0,25.676821,4.56239604949951,8.598682,0.003523,175.053497,4.992467,65.441162,1,4
"255",343878.032,6381684.28,0,29.43471,7.22624588012695,19.89204,0.301539,34.620251,2.452682,4.998678,1,3
"256",344829.705,6372761.57,0,25.528271,10.2144956588745,18.939816,0.698023,57.3685,3.625889,5.58326,1,20
"257",342759.385,6366193.33,0,26.793501,5.83503484725952,16.175625,0.50957,94.261513,4.791699,5.725876,1,23
"258",344222.056,6381095.24,0,29.63452,7.22135400772095,18.924772,1.372778,42.855251,2.522043,12.645357,1,3
"259",338562.371,6369883.25,0,25.305201,4.76355409622192,9.423179,0.001006,162.0327,4.607503,39.773956,1,6
"260",347473.393,6378393.13,0,26.640711,9.858078956604,9.635964,0.370314,115.518799,3.591642,72.259979,1,2
"261",340363.338,6376187.49,0,27.017719,9.68996810913086,14.45312,0.097148,72.808243,4.429802,14.147854,1,24
"262",341628.322,6379090.15,0,27.784691,10.1190557479858,13.873814,2.96993,71.403999,3.000079,31.407452,1,2
"263",346563.073,6379488.11,0,28.10714,13.2619514465332,9.849442,0.000384,108.799202,3.464927,67.553101,1,2
"264",340018.558,6375073.99,0,25.791571,9.58753967285156,15.678584,0.33268,74.915573,4.488116,5.747406,1,53
"265",339968.488,6375098.69,0,26.265869,9.44691276550293,16.589994,0.013479,72.721046,4.20705,3.678246,1,41
"266",340539.689,6379097.13,0,26.85803,11.878794670105,12.316395,0.441138,72.804749,3.358026,26.882099,1,5
"267",346983.853,6370388.49,0,27.437201,8.18144416809082,13.634697,2.802714,79.287247,3.944537,23.401108,1,4
"268",343330.08,6364982.43,0,26.44083,4.71137380599976,15.854247,2.665711,88.9645,4.972237,4.013977,1,7
"269",339571.742,6374886,0,26.55542,8.20621776580811,15.786501,0.039183,76.496246,4.229743,4.189499,1,36
"270",348513.058,6371580.9,0,27.45525,8.86324596405029,17.609598,3.518592,66.126747,2.084405,3.174648,1,1
"271",335158.042,6379483.97,0,25.753111,13.2502403259277,15.611043,4.964225,91.828751,4.913313,20.214752,1,4
"272",337862.432,6378091.13,0,25.71324,10.5035524368286,11.727506,0.223081,83.855003,4.975164,19.882805,1,30
"273",341564.585,6378383.79,0,27.05299,12.2795457839966,17.592571,0.452058,49.645,4.810603,8.575607,1,8
"274",346811.036,6370781.74,0,26.929621,8.18515300750732,15.446446,1.931249,70.381248,4.871237,15.120598,1,14
"275",345324.244,6374394.03,0,26.2323,9.65927505493164,21.055521,2.618145,50.000912,3.994936,2.840767,1,15
"276",344509.241,6377187.12,0,26.297091,8.33749485015869,20.737352,1.327374,45.533001,3.410264,4.961502,1,16
"277",343807.607,6374478.94,0,25.63625,12.7690229415894,12.959582,0.24475,77.549316,4.698435,24.80286,1,42
"278",340765.88,6374583.61,0,25.169279,10.9976434707642,13.278934,0.167748,86.621384,4.403808,14.620903,1,35
"279",341309.716,6381193.35,0,25.247169,12.7805967330933,9.677673,0.000208,94.553749,4.828963,55.042339,1,9
"280",339445.438,6381192.25,0,25.6157,13.1363382339478,12.992631,2.935031,92.583252,4.437471,42.716095,1,5
"282",336837.594,6382783.43,0,25.6127,12.034893989563,17.802195,1.42192,63.837639,4.900004,5.23138,1,23
"283",347550.347,6374970.8,0,26.01573,10.0623617172241,16.009951,3.952695,70.092743,3.982177,20.64666,1,5
"284",341106.442,6379889.2,0,25.847969,11.2898902893066,9.278271,0.009645,102.558998,4.352695,60.812988,1,7
"285",339008.448,6380785.92,0,26.4319,14.7305660247803,12.087648,2.85744,100.969002,4.560758,48.141998,1,3
"286",344858.992,6369695.56,0,26.119089,9.59738826751709,16.221996,0.879013,74.241737,4.884874,15.239212,1,30
"287",335979.833,6375487.15,0,25.718769,7.08489894866943,14.227039,0.250519,88.984818,4.573759,12.308685,1,31
"288",338758.713,6374685.38,0,26.218439,7.8693151473999,11.910048,2.550737,100.359596,4.936296,22.699318,1,10
"289",345615.384,6374593.75,0,26.097349,8.94123935699463,20.013321,2.970793,53.10244,3.993901,6.111259,1,18
"290",345163.575,6369984.24,0,26.0226,9.83390808105469,16.212563,0.120774,66.472748,4.098169,9.504795,1,43
"291",340728.254,6369987.09,0,26.629061,6.38999319076538,18.244619,0.044338,94.972,4.025304,0.101845,1,13
"292",338433.527,6372786.91,0,26.34926,6.77143383026123,12.839073,0.019962,115.916298,4.877258,9.786499,1,25
"293",341040.212,6370393.58,0,25.628361,5.93125057220459,17.143982,3.678188,101.833801,3.322593,10.359741,1,5
"294",347625.234,6370223.16,0,26.40564,9.47932624816895,12.765229,0.997806,81.030251,4.481886,23.84816,1,24
"295",341727.901,6382493.15,0,27.420601,10.9101209640503,9.376698,0.584249,97.478996,2.463289,60.855808,1,2
"296",341751.815,6379695.44,0,28.04792,9.84986209869385,10.141265,0.158317,85.632004,3.840976,47.035439,1,2
"297",337878.892,6379380.13,0,25.84169,10.6734294891357,14.480752,2.96876,79.838997,4.772168,17.3381,1,12
"298",342480.303,6370609.56,0,25.83617,6.85730123519897,15.495125,3.752273,103.309799,4.954338,29.680191,1,3
"299",344559.114,6369883.83,0,26.268419,9.59855461120605,18.169676,0.326731,64.067001,4.016349,3.402256,1,42
"300",338408.243,6369282.94,0,25.53863,4.67352247238159,12.319841,1.615147,151.328201,3.538392,24.058708,1,8
"301",337727.901,6377087.45,0,26.78215,10.4754028320312,19.107533,0.433195,64.525497,3.8745,1.33075,1,21
"302",339613.515,6367677.76,0,25.05257,7.20587539672852,15.550638,1.3769,131.796997,4.10491,7.156105,1,7
"303",346079.964,6370687.23,0,27.00079,8.49285411834717,20.719433,0.039856,52.16975,4.481272,0,1,12
"304",341005.063,6371182.66,0,25.52347,7.05400800704956,16.260729,0.051729,94.922752,4.203995,4.66877,1,29
"305",341965.394,6378293.69,0,27.794479,12.4466094970703,20.048048,1.561844,42.101749,2.933362,2.233013,1,3
"306",342830.665,6371789.61,0,26.05751,8.79264831542969,18.040974,1.449307,70.601501,4.441014,1.916878,1,31
"307",338804.508,6367784.39,0,25.3869,6.55456829071045,11.517388,0.004324,168.754501,4.017468,40.331406,1,6
"308",342389.057,6368574.11,0,25.63666,10.1496915817261,14.588529,0.065132,96.244247,4.996087,14.840042,1,39
"309",337029.59,6381484.54,0,25.612631,10.3508853912354,11.901755,0.116601,87.43956,4.999214,24.440582,1,31
"310",342509.513,6378092.72,0,25.60441,11.761456489563,17.350109,0.784549,55.780998,4.935121,15.845615,1,20
"311",338430.837,6373986.88,0,26.59631,6.85274171829224,11.17731,0.095165,110.016197,4.405086,22.259262,1,16
"312",337982.889,6371981.02,0,26.466391,7.21722078323364,11.941894,0.205224,137.200699,4.703928,14.799278,1,12
"313",341563.134,6372781.98,0,25.3627,10.3367719650269,13.707063,0.857295,82.878998,4.998632,4.777115,1,27
"314",346477.4,6377388.54,0,25.832911,9.40141677856445,16.858185,2.319214,61.875751,2.736979,19.496281,1,6
"315",343230.418,6380885.57,0,26.79854,7.22515153884888,16.713646,0.383549,47.289501,4.795682,16.098097,1,4
"316",349211.454,6377898.44,0,27.58807,12.0765142440796,12.578884,0.242689,113.547997,2.228234,68.19043,1,2
"317",343425.433,6378091.68,0,26.215879,8.95747852325439,20.745914,2.816924,44.799,2.371561,6.27861,1,9
"318",343896.412,6374195.32,0,25.68708,12.263298034668,10.867322,0.301344,88.594788,4.401777,35.369102,1,24
"319",342530.456,6371992.23,0,25.40506,8.73144054412842,16.099829,0.156297,77.403,4.961377,6.578171,1,37
"320",347278.014,6379881.73,0,29.990311,15.4064970016479,15.823189,0.005298,95.109497,4.280076,52.357044,1,1
"321",334912.337,6375483.86,0,26.174219,7.74071884155273,12.121813,1.903868,111.766998,4.848034,36.500572,1,4
"322",337559.599,6381590.81,0,26.07406,11.7077684402466,9.868802,0.863343,107.008598,4.111981,47.318821,1,6
"323",343877.821,6374483.37,0,25.545931,12.6670179367065,13.231461,0.275093,73.816139,4.737201,21.510132,1,43
"324",347280.86,6372389.31,0,26.113501,11.5476732254028,16.534769,0.0254,66.869003,3.885157,11.013443,1,27
"325",337852.74,6382765.65,0,25.5665,15.5195608139038,14.254812,0.012508,80.440498,4.405344,24.700413,1,16
"326",342155.594,6370587.76,0,25.707701,5.98490285873413,16.056393,3.958089,100.865501,4.052787,23.938385,1,10
"327",340256.575,6380086.29,0,25.78861,11.4636268615723,14.45882,1.62634,72.391747,4.382437,26.120491,1,15
"328",349775.691,6375984,0,25.89863,13.4809522628784,13.54741,0.189691,92.818024,4.643066,43.724472,1,9
"329",343928.106,6377482.98,0,26.667629,8.21431159973145,21.065914,0.368061,43.843498,2.938883,4.058857,1,10
"330",344352.913,6374783.62,0,25.92498,12.4046716690063,17.145485,0.121999,59.935829,4.6109,10.991695,1,37
"331",347331.766,6378885.56,0,27.58083,12.6361093521118,10.738801,0.002759,141.425507,3.690439,98.640091,1,2
"332",343660.944,6370292.23,0,26.373899,8.3645133972168,19.714979,2.454656,69.839249,4.54564,4.32959,1,12
"333",337379.207,6378688.78,0,25.597059,10.4216022491455,13.949215,1.484516,80.649773,4.922684,13.852837,1,33
"334",338330.603,6372088.74,0,26.860359,6.68060636520386,13.347259,0.711262,130.457794,4.888781,13.077278,1,11
"335",338093.295,6369984.28,0,25.56638,5.20003080368042,9.635784,0.443674,190.815994,3.845102,63.306274,1,4
"336",340762.55,6375783.55,0,25.433861,10.547532081604,14.412964,0.772413,78.566399,4.947741,18.143593,1,40
"337",347912.661,6375483.18,0,26.038931,10.6824645996094,16.911215,1.342821,65.238457,3.653919,16.712868,1,23
"338",343362.655,6381598.54,0,27.73732,8.27744007110596,17.657682,0.109879,47.383999,4.050377,17.256741,1,9
"339",339454.204,6372884.46,0,25.67259,6.60471343994141,13.994244,0.151536,110.2715,4.971705,12.684898,1,32
"340",342509.756,6380087.88,0,25.983311,7.88608646392822,14.865401,1.218426,59.921501,4.166657,25.631519,1,3
"341",349859.414,6373982.42,0,26.23329,12.9603204727173,16.254629,1.270212,67.628967,2.047274,14.25502,1,6
"176347",338784.8,6377590.5,176347,26.289351,8.24254894256592,19.500349,1.94004,58.770748,3.760143,1.866096,2,22
"381092",344284.8,6370015.5,381092,27.11607,9.23475933074951,19.491556,0.196731,63.2005,4.398488,1.216774,2,23
"289309",344709.8,6373415.5,289309,26.10812,11.3496580123901,19.497749,0.35631,53.152,4.018795,1.777359,2,24
"192754",343959.8,6376990.5,192754,26.254761,8.86500263214111,19.495691,1.195989,50.165749,4.016384,8.079056,2,20
"283231",344634.8,6373640.5,283231,26.310301,11.6011724472046,20.306015,1.219157,52.259251,4.482941,1.101772,2,17
"194822",345034.8,6376915.5,194822,25.927311,8.08583068847656,20.290504,2.98357,49.88525,3.868427,8.824631,2,15
"177085",340359.8,6377565.5,177085,26.93788,10.0204076766968,20.41157,0.221206,52.006001,2.657925,0.021328,2,12
"286403",339559.8,6373515.5,286403,25.80304,6.91926574707031,9.477365,0.457428,122.9515,4.763007,34.145302,2,10
"60361",341634.8,6381890.5,60361,25.5084,12.0185842514038,9.535429,8.7e-05,79.781998,4.000423,42.451859,2,10
"42010",338484.8,6382565.5,42010,26.325029,15.2584362030029,9.586166,0.508397,104.992798,3.55777,51.478992,2,2
"384872",337534.8,6369865.5,384872,25.638241,5.58792638778687,10.306806,0.824027,191.604294,4.159765,58.298935,2,4
"486991",342384.8,6366090.5,486991,26.627199,5.52377414703369,14.969893,0.377517,102.279503,4.946629,10.14534,2,25
"270738",336059.8,6374090.5,270738,26.139469,5.51268291473389,12.826565,0.137321,118.105598,4.876644,26.4636,2,9
"261764",347959.8,6374440.5,261764,25.8277,11.4528026580811,17.973764,1.018436,59.24474,3.072583,7.401737,2,20
"195305",340234.8,6376890.5,195305,26.614031,9.16287040710449,18.724409,0.33817,57.006748,3.086062,1.39296,2,22
"213896",349384.8,6376215.5,213896,26.30937,12.1666812896729,12.86762,0.561519,94.221123,3.076404,45.810638,2,1
"100271",343759.8,6380415.5,100271,28.57914,7.39111852645874,20.484409,0.391681,36.097752,2.170689,4.658497,2,6
"350925",349484.8,6371140.5,350925,27.29307,11.869065284729,13.109366,4.645401,90.886513,2.193136,30.585758,2,3
"431481",338384.8,6368140.5,431481,25.79929,4.45313358306885,9.034425,0.001517,205.409302,4.956702,70.588684,2,3
"486242",340534.8,6366115.5,486242,25.98214,4.57395792007446,9.004082,0.930428,173.274994,4.975157,63.238609,2,4
"85181",337759.8,6380965.5,85181,26.28698,10.6469221115112,9.937509,0.738308,118.7425,4.361962,58.409458,2,4
"180789",348584.8,6377440.5,180789,26.475479,11.4510717391968,11.936111,0.363296,103.044296,2.873139,57.482445,2,1
"118544",344959.8,6379740.5,118544,26.30632,11.4190263748169,9.18103,0.014101,75.165001,2.977766,38.237007,2,1
"209850",349484.8,6376365.5,209850,26.243549,12.6127872467041,12.102198,0.050606,95.798897,2.944647,47.575287,2,2
"501086",340384.8,6365565.5,501086,25.640039,4.57725763320923,13.018826,0.025501,144.382996,3.986991,34.11203,2,5
"427451",338884.8,6368290.5,427451,25.278931,6.4530725479126,14.473934,0.125989,144.494507,4.893725,18.96257,2,10
"547673",340684.8,6363840.5,547673,25.51836,6.759446144104,8.894303,0.87618,190.964005,4.96956,83.55394,2,0
"536839",339834.8,6364240.5,536839,25.73295,6.64617538452148,8.860607,0.001027,195.929993,4.589761,85.117569,2,1
"265026",345134.8,6374315.5,265026,28.365,10.3275489807129,21.897562,0.004839,47.043541,3.780442,0,2,2
"486399",344459.8,6366115.5,486399,28.36261,6.16684865951538,18.540384,0.098675,74.712997,4.264466,0.002647,2,5
"58228",338934.8,6381965.5,58228,25.56089,13.6921081542969,12.853801,0.40787,88.801247,4.860026,36.950462,2,19
"64959",338459.8,6381715.5,64959,25.803459,13.7296371459961,13.446246,0.612569,90.389,4.842289,35.76548,2,20
"305554",345834.8,6372815.5,305554,26.17523,7.35225534439087,20.803766,0.239919,48.584499,2.587088,0.373901,2,7
"306401",350134.8,6372790.5,306401,26.58923,11.0103330612183,13.020661,2.501266,82.923248,2.559344,26.854237,2,5
"277241",346759.8,6373865.5,277241,25.664801,9.12401008605957,17.593122,0.486001,58.330391,2.706932,7.823719,2,12
"242974",350709.8,6375140.5,242974,25.665911,9.28198719024658,16.194353,0.985162,67.795181,2.682962,15.909184,2,11
"57019",342459.8,6382015.5,57019,28.62182,11.9666118621826,17.975693,0.033085,37.48325,2.209323,4.948162,2,3
"76543",341184.8,6381290.5,76543,28.58606,12.5387773513794,9.441196,0.770339,107.087799,4.277088,66.973526,2,2
"466121",343759.8,6366865.5,466121,26.281679,6.61124086380005,14.065303,3.881671,101.760696,4.000689,21.79776,2,2
"291413",346684.8,6373340.5,291413,25.98173,10.4482431411743,16.481598,3.851492,70.780998,3.825072,19.414314,2,5
"175193",343684.8,6377640.5,175193,27.415701,8.45299434661865,20.764523,0.708562,45.313,2.65337,5.638229,2,12
"191999",341959.8,6377015.5,191999,25.816771,14.7936391830444,12.059498,0.313224,70.754753,2.634277,23.065601,2,3
"121777",341409.8,6379615.5,121777,27.557751,10.7167730331421,11.470797,0.181881,74.30175,2.415766,33.833786,2,5
"350841",347384.8,6371140.5,350841,26.769899,8.99248600006104,11.476181,0.344646,93.616753,2.411666,36.50882,2,2
"105497",339409.8,6380215.5,105497,25.5457,14.24831199646,12.791324,2.598488,80.58625,2.326893,29.425503,2,4
"255765",349859.8,6374665.5,255765,25.737261,14.145206451416,14.061756,2.387179,79.3405,3.468464,27.401352,2,5
"490317",341159.8,6365965.5,490317,25.485041,4.61621475219727,8.715223,0.353851,158.606796,4.842299,54.935287,2,5
"398357",337159.8,6369365.5,398357,26.16152,4.79515981674194,8.74016,0.000214,194.630707,4.824651,54.642303,2,2
"148967",346159.8,6378615.5,148967,25.169359,9.73728370666504,9.800437,6.2e-05,110.633003,2.530036,69.852829,2,2
"172010",348484.8,6377765.5,172010,28.964451,11.1441850662231,10.382214,0.026488,116.543297,2.348067,71.522354,2,1
"485531",339634.8,6366140.5,485531,25.851339,5.46749305725098,12.278954,0.339186,182.816498,3.963337,64.255959,2,3
"353209",339084.8,6371040.5,353209,25.761209,4.34234952926636,9.241757,0.740704,183.278,4.81325,68.463387,2,4
"465988",340434.8,6366865.5,465988,26.30024,5.28205585479736,8.872035,0.031244,173.3983,4.997272,60.401855,2,2
"482885",340984.8,6366240.5,482885,25.351061,4.80443382263184,9.408533,0.000117,171.831497,4.309509,66.537354,2,4
"403775",337609.8,6369165.5,403775,25.71623,3.68633794784546,9.258487,0.000123,179.411301,4.942739,40.119217,2,6
"521310",339734.8,6364815.5,521310,26.30448,6.18284845352173,10.158628,0.002486,178.160995,4.971641,65.62001,2,1
"117838",344184.8,6379765.5,117838,28.99472,10.3944940567017,18.579592,0.411377,45.01825,2.341186,10.367519,2,1
"133463",346684.8,6379190.5,133463,28.92976,12.7332353591919,11.070034,0.011314,97.605003,4.745872,56.017723,2,0
"125393",347434.8,6379490.5,125393,28.404869,14.8390607833862,10.231634,0.056366,123.496498,2.162928,80.839363,2,1
"189302",342034.8,6377115.5,189302,25.89352,14.8924827575684,13.138147,0.106064,68.264503,2.643927,21.44487,2,4
"214423",345684.8,6376190.5,214423,29.462259,8.39846134185791,21.461262,0.045912,42.82893,3.523325,0.273766,2,2
"201598",345684.8,6376665.5,201598,27.64616,8.86593723297119,21.395395,0.367084,41.271198,3.326194,0.34798,2,13
"520631",339634.8,6364840.5,520631,26.292259,6.43559598922729,10.555397,0.00033,187.800507,4.957526,74.704483,2,0
"513256",340884.8,6365115.5,513256,25.157471,5.47843503952026,8.959116,0.795042,180.606201,4.786863,74.414581,2,2
"27156",338384.8,6383115.5,27156,25.756729,15.0617208480835,13.538306,0.041885,85.345253,4.202026,31.641716,2,18
"33872",337534.8,6382865.5,33872,25.529791,15.1138772964478,14.087914,0.379184,78.172791,4.985216,21.607151,2,21
"524011",339759.8,6364715.5,524011,26.267349,6.26407146453857,8.768742,2.7e-05,189.955994,4.955017,77.79274,2,1
"96892",343659.8,6380540.5,96892,27.74128,7.0444483757019,22.224777,0.003867,30.868299,2.376547,0,2,7
"115803",343934.8,6379840.5,115803,29.061331,9.31499481201172,20.216702,0.023893,40.57975,2.228042,6.794201,2,4
"403767",337409.8,6369165.5,403767,25.585711,4.04645204544067,9.00436,0.000154,185.057999,4.974286,44.007706,2,6
"217211",347884.8,6376090.5,217211,29.21077,10.4070081710815,17.895565,0.02949,60.838871,4.287152,13.762127,2,2
"148333",347184.8,6378640.5,148333,24.94235,11.1117668151855,8.944253,0,126.8255,4.041962,84.161034,2,1
"553733",340309.8,6363615.5,553733,29.156931,6.38497591018677,8.750006,5e-06,193.822495,4.189441,85.659195,2,0
"477461",340384.8,6366440.5,477461,26.10714,4.72119235992432,10.750265,2.922927,192.706299,4.932511,80.044189,2,0
"467964",339209.8,6366790.5,467964,25.345409,7.37452793121338,11.478168,0.020559,206.201202,4.566509,80.33548,2,2
"413195",336859.8,6368815.5,413195,26.196989,4.22529125213623,13.021418,0.000343,196.325302,3.541636,48.903702,2,0
"171339",348584.8,6377790.5,171339,28.631559,11.3181705474854,9.838284,0.700641,127.459,4.160778,82.375153,2,1
"412520",336859.8,6368840.5,412520,26.214211,4.25661182403564,11.46451,0.000222,201.210205,3.996961,54.114426,2,3
"349577",349534.8,6371190.5,349577,27.22949,11.6315183639526,13.404123,4.874883,91.544998,2.974338,31.270382,2,1
"391607",337159.8,6369615.5,391607,26.271191,5.4584059715271,9.023986,6.7e-05,202.099503,4.992276,64.501831,2,0
"436861",337884.8,6367940.5,436861,25.71627,3.12060451507568,8.481956,0,213.510696,4.920578,68.789307,2,3
"166107",335909.8,6377965.5,166107,25.79196,15.2478017807007,14.102893,0.939762,100.841202,4.905643,29.9487,2,9
"110100",336359.8,6380040.5,110100,25.663851,9.40750980377197,14.498535,3.420021,92.75106,4.705716,18.455818,2,4
"164720",334984.8,6378015.5,164720,26.11227,12.5915508270264,15.746579,4.837894,102.414001,4.835798,30.964821,2,4
"141630",348359.8,6378890.5,141630,28.096411,9.49695682525635,13.006569,2.496128,131.678696,3.044914,87.60714,2,0
"415893",336809.8,6368715.5,415893,26.235149,4.29706001281738,11.849055,1.7e-05,205.635406,4.237175,57.160934,2,1
"20439",339209.8,6383365.5,20439,25.545309,11.1833753585815,12.910789,4.765162,87.373497,2.125862,37.086838,2,2
"189922",340659.8,6377090.5,189922,26.1446,10.9543514251709,12.391199,3.0631,79.460503,4.965255,26.853558,2,4
"108057",335909.8,6380115.5,108057,25.853399,10.5574245452881,16.756777,4.673382,79.282707,4.094092,7.130165,2,1
"277910",346609.8,6373840.5,277910,25.57303,8.75338935852051,17.672928,3.306046,58.73793,2.166935,8.589912,2,10
"485520",339359.8,6366140.5,485520,25.56563,6.68305635452271,9.911431,0.002592,211.440994,4.935467,91.2827,2,1
"63148",343809.8,6381790.5,63148,27.74128,7.40134906768799,21.692072,0.011092,29.78475,2.125384,0.329851,2,6
"132332",335284.8,6379215.5,132332,26.115891,13.5249156951904,16.456511,4.722631,89.801003,4.708992,18.266663,2,5
"373386",337259.8,6370290.5,373386,24.75947,6.30614709854126,9.139918,0,222.650299,4.981515,89.50061,2,2
"490268",339934.8,6365965.5,490268,25.57674,4.57076215744019,8.809756,0.097901,206.3022,4.931972,91.072693,2,0
"106726",336384.8,6380165.5,106726,25.63501,9.12056922912598,14.551682,3.083377,92.439613,4.392646,17.712921,2,7
"121594",336834.8,6379615.5,121594,25.56469,8.94940853118896,15.059353,4.585665,90.089981,4.374141,20.130363,2,5
"115893",346184.8,6379840.5,115893,27.54615,13.0177202224731,8.329071,0.18094,96.292747,2.235338,56.081944,2,4
"457805",338359.8,6367165.5,457805,26.084061,6.41980791091919,10.374429,0,213.960007,4.175262,83.007584,2,2
"368706",338384.8,6370465.5,368706,25.879749,5.29303312301636,10.081198,3.215894,181.7603,3.023594,58.643143,2,0
